a<-2
b<-5
c<-34566789972468586745
